.Random.seed <-
c(403L, 10L, -1165760154L, 1549851888L, 1556875283L, -1157145167L, 
1955985504L, -1209608706L, 1348755849L, 1441175227L, 630379146L, 
-1373557396L, -1036059921L, 2084373797L, -1879837732L, -1824357966L, 
-1892933459L, -1769082777L, 791238542L, -2140348312L, -438555541L, 
108525065L, -1204430696L, 2045854662L, 1035032353L, -1767394381L, 
-915784926L, -34869996L, -1363288681L, -44595827L, 1126466724L, 
1944774282L, -822731531L, -1410268337L, 432594006L, 587620096L, 
-652281277L, -104783391L, 522331472L, 120208302L, 1699101017L, 
1435141995L, 1499944666L, 539293596L, -635810913L, 144077301L, 
-1639988084L, 1054076258L, -1095851715L, 1915521463L, -600215970L, 
-1368348776L, -1777187077L, -594989415L, -1351641304L, 271805910L, 
-1511517615L, 243108099L, 132801682L, 366017060L, 1997776103L, 
-46089923L, 1201360308L, 1529467418L, 262158693L, 1074481151L, 
892157574L, -437754352L, -166896461L, -183732399L, -1919812864L, 
2003984862L, -1040078295L, 842394075L, 33904362L, 1654641804L, 
1886673871L, 665809797L, -513220548L, 369193234L, -1013754355L, 
-1585830585L, 1767517998L, 1373512328L, 231441291L, 1666159465L, 
-171553480L, -2062991386L, -28215423L, -881733869L, -1469663038L, 
-306588812L, -173719689L, 1475324013L, 1072613124L, -1217128918L, 
-639329387L, -1863032785L, -345548490L, 789461344L, 1286174627L, 
-1199087423L, -276320080L, -1547436082L, 448877369L, -1115317L, 
526061818L, -1367070212L, 915016255L, -1049575659L, -1691898836L, 
622687490L, -457286179L, -1480213289L, 282470334L, -1162079752L, 
-698096165L, 1747766329L, -1701495416L, 897816886L, -1692023951L, 
1878778275L, -2081293070L, -1661878204L, -1024134393L, -1693048099L, 
579251156L, -1802278150L, 520629829L, 856970911L, -1753084890L, 
1393617072L, -1920781997L, -811021199L, 597135776L, 406039870L, 
-1706038199L, -357930757L, 1517158602L, 416871980L, 486615599L, 
507159269L, 1233901468L, 1985626610L, 870673517L, -1279296089L, 
857188302L, -1350834904L, 1992742699L, 57531721L, 797000280L, 
-936813818L, -799050015L, 1510728307L, 57101026L, 487732820L, 
720535383L, 1473164109L, 1264039652L, -465602870L, 495089461L, 
975928719L, 1497856662L, -312274368L, -19066109L, -430472415L, 
1276011536L, 1509000174L, 1565143961L, 1810992171L, 1798617370L, 
1606826972L, -1766359585L, 1539746229L, -1530632372L, 444358050L, 
1241304317L, -2013146633L, 31399710L, -1428192808L, 423230267L, 
-1349694247L, 1475379304L, 1264280982L, -307159791L, 1571958467L, 
-1024938286L, -2125187228L, 2080418471L, 2108847101L, -2038168076L, 
1579942618L, 1242461221L, -643417793L, -2001043770L, -180612272L, 
-775951501L, 1336409489L, -1915347008L, -1957447266L, -28302487L, 
1254619035L, -1590403414L, 376961228L, 1147292047L, -82100795L, 
-673685124L, -846548526L, 268995917L, -1323208697L, 1630281710L, 
-2030377272L, -1510958645L, -1528067031L, -425223560L, -991836250L, 
-406826559L, -1441708461L, 594922754L, -702890956L, 912694711L, 
-2166355L, -542469436L, -140720406L, 566962517L, -1623638289L, 
128613622L, -1062917088L, -690557469L, 138059712L, 1451836988L, 
-1317148272L, -907869150L, -546932472L, -1316850548L, -1789476068L, 
1247705234L, -2050119296L, -2107851756L, 1230954280L, 1582769722L, 
52359632L, -1231359636L, 1791965108L, -24306158L, -1251081248L, 
-1708898868L, 1592616160L, 1412124706L, 804345640L, 1103607308L, 
-521014468L, -1121012750L, 1100679920L, -1400083900L, 1319306840L, 
-1205627078L, -810454032L, 552928956L, 417457428L, -1745530686L, 
-612205472L, 1554692476L, 733124560L, -1773160158L, -308302168L, 
677567372L, -1936606020L, 2015797042L, -401939904L, 1581614260L, 
1494795336L, 1457920442L, 2057960976L, 300828908L, 2096486740L, 
433321746L, 1989809568L, -1955366196L, 2092136032L, -1509253182L, 
179733288L, 774671788L, 1116098876L, 1761492850L, -523304656L, 
1641557796L, -587692744L, -1562895654L, -270071920L, 1565430524L, 
-1991757932L, 1435019330L, -1313530624L, -1301058500L, 1070763344L, 
-123135838L, 1350940488L, 2010322700L, 808438492L, 1692709714L, 
-1698000256L, 549779540L, -1738732568L, 1445541626L, 1206667600L, 
204686124L, 1650886516L, -2080832622L, -2105444768L, 1908526988L, 
-782421152L, 1727186914L, 1723613096L, -1323688756L, 673156604L, 
-590918734L, 938174960L, -1928582716L, 1183392088L, 484271482L, 
-1077341776L, -823660612L, 1479364692L, -1313160254L, 2086052896L, 
1974353084L, -1376970160L, -1586249758L, 553743976L, -321283508L, 
-687537924L, -849719310L, -87507712L, -1420650636L, -1129725944L, 
-2004417094L, 1218805200L, 1040147436L, 43163540L, -1152230446L, 
-893724832L, -197868212L, 611855648L, 1543062402L, 1771444968L, 
742335724L, 1838115388L, 1448512370L, 1944414832L, -1557448668L, 
581535544L, -761746278L, -920218928L, -1119788868L, -1208133996L, 
6563458L, 408091840L, 364327228L, 1619710096L, -1998575070L, 
-705001976L, 493617420L, 1456091804L, -196588014L, -1633858176L, 
345562644L, -39152088L, 1646945594L, -336197680L, 1159926380L, 
-538368204L, -1024015726L, -538453664L, -2041482932L, -624193568L, 
703971234L, -1921919064L, -857609332L, 1063364284L, 385846130L, 
-396240656L, 1928460356L, -1962402472L, 1446597690L, -2082249872L, 
-1905130436L, -983872748L, 534653378L, -280583968L, -486697092L, 
1948589776L, -935721310L, -1745337304L, 2112669964L, -1217989700L, 
353647922L, -1959125056L, 281367092L, 1404787656L, 433833146L, 
551931792L, 308262380L, -282165164L, -1247445358L, -1309000928L, 
-198267444L, -1304421408L, -1705213246L, -2140382680L, 733585068L, 
587641532L, 1168462322L, 546785584L, -2073539420L, -629161288L, 
2080942938L, 1741311376L, 975057276L, -1350693612L, -2125502142L, 
232391424L, -364110916L, 782269264L, 1099514146L, 1667997000L, 
-1968375796L, 1981118556L, 915186898L, 1458145280L, 737901396L, 
-223944216L, -2022533126L, 642864848L, -964205268L, -1411233548L, 
-711604334L, -239453088L, -768443124L, 212436704L, -475636382L, 
563298984L, -1420404148L, 405845884L, -843846862L, -686899600L, 
-1672757948L, -837878824L, -1006792582L, 277243440L, -516912452L, 
-856889516L, -312387006L, -332354656L, -1767028548L, 2041455056L, 
1130501155L, -278627036L, -1161004590L, 1630431783L, -1711704975L, 
101657270L, -401492396L, -81569051L, -1265838353L, 1594794536L, 
1329448582L, -1207373645L, 1285236245L, 2121631858L, 257152192L, 
1579591977L, -1011454053L, 375449708L, 371195002L, -1715608145L, 
1641063609L, -1496289586L, -545477604L, 353357709L, 199657975L, 
1018469632L, 407157598L, 2015005739L, -771759315L, -354447462L, 
296910168L, 1074081985L, -348876941L, -1169582956L, 1750245666L, 
990855223L, -17600255L, -1000750074L, -1523482044L, -1772934283L, 
-1527116065L, -1025656264L, 1129804310L, -1684314589L, 1468920293L, 
-2109489150L, 1588583024L, -1749413863L, 1957136907L, 509886716L, 
1720491306L, 1349387103L, 1855443689L, -961381890L, 1507575276L, 
-826788547L, -858112761L, -1516790544L, -1930952562L, 1114372795L, 
-1590635875L, -1443731894L, -864711576L, -1154743215L, -1633620157L, 
1868085828L, 1021688050L, 1999668423L, 1321565841L, -484376554L, 
1680681588L, -1313706747L, -83270833L, -684495544L, -1532845850L, 
-262654445L, 897001845L, -548852398L, 1938652576L, 175713417L, 
-808969029L, -505688308L, -1240029542L, -605766641L, 781252697L, 
837219566L, 573714300L, 1602509805L, 836625559L, 406908768L, 
98273086L, -2015512565L, -2083970931L, 671865274L, 329242616L, 
506729377L, 555167059L, -431070092L, -712010238L, 203917463L, 
161987169L, 1680339622L, -1797367132L, 1086795605L, -758238209L, 
1138250392L, -2043201610L, 705739843L, 307410309L, -1860473310L, 
1940673808L, 139343033L, -1417864853L, 767424604L, 1840887178L, 
-1082125953L, 927354057L, -1570623138L, 1139204620L, -1044232739L, 
1472732391L, 69675280L, 628332590L, 2009407195L, -1426769987L, 
1896272170L, -480045624L, -688977167L, 542590051L, -1826119580L, 
142928786L, 1452195943L, -1345298383L, -1407127178L, 1616879252L, 
383767717L, -1600550481L, -429518232L, -1997338042L, -1727852557L, 
-860663979L, -1551535822L, -1395174144L, 1023174121L, -1335685029L, 
